1882
3868
440
3033
2354
1163
1842
4762
4340
2403
1101
1852
738
328
1359
842
370
3000
478
4663
4460
4959
1633
2815
335
4390
3128
4882
646
4216
1014
2528
3847
2218
1324
1200
3381
3929
1724
3483
1331
2825
1097
2832
3153
2457
4438
4286
1219
678
3948
678
637
580
4256
1735
733
3147
2379
1379
2362
4157
4671
1971
1374
994
3171
517
4923
4896
4001
2017
3483
97
611
2399
3317
48
1684
298
1490
632
1740
2127
1975
1758
4625
3471
4905
2004
4851
3030
1160
4521
0
3297
1277
3935
3814
1199
4593
3577
3979
3075
4438
4591
473
3517
401
2921
3816
1891
4316
1318
4781
2053
3076
4406
524
3744
2172
374
1773
4095
657
2536
3154
1934
1470
2730
3896
1062
2070
2875
4901
1507
2465
1136
786
2866
4057
4602
520
3372
1682
300
425
4759
468
949
3502
3403
2086
1037
3260
2743
3573
1413
439
43
4907
4335
1868
1976
2972
1768
3483
436
2905
4269
4066
2724
4634
4586
1859
2078
648
3047
1836
1117
4759
1100
4520
1844
2900
3543
349
1473
4956
1551
2279
624
885
4147
2600
3858
1678
1845
56
345
1877
4885
3832
2273
232
690
4351
881
3737
1950
1998
3495
3050
2280
1101
1713
822
1450
3186
1541
3764
1227
2165
4650
1136
528
4270
2814
2373
88
3922
4250
4974
2754
2285
205
4207
1636
1849
2944
3586
3847
2201
2398
1890
4066
4111
3475
1278
3059
15
42
4286
2944
454
422
4235
4724
3999
1607
574
3684
1620
1310
2200
3905
2279
1406
1303
4128
112
4889
2975
2314
3050
627
2142
2160
4102
3420
982
4881
3462
267
2824
3916
1452
2821
4402
1214
4428
4977
4898
1810
1286
2097
1478
3565
3503
2781
3456
4379
3433
2193
1692
2245
2820
4597
4405
1921
3016
1149
2564
1478
1417
1150
393
3632
3971
4796
4846
4162
534
4743
971
2583
1839
3212
1911
1105
1756
366
483
951
2559
2938
3196
378
2534
3363
3062
549
4513
626
2027
1692
1776
3184
323
747
3742
932
4909
4276
674
1642
1858
3277
617
3769
4382
2373
4135
627
3324
1693
4328
2282
2834
1861
644
896
3173
919
2285
963
2611
4061
4147
3698
570
3651
4630
1241
2926
303
2884
4784
4343
3501
4316
4487
1636
4213
113
722
906
4441
3004
3740
2064
3648
398
1000
4568
2683
1963
2941
2507
1872
1638
3077
522
1267
81
3448
2334
2965
3994
1676
2228
4072
1163
3864
3285
2039
4586
4191
2243
2589
3693
69
1999
4855
1069
2329
3300
3032
270
806
4904
2671
4647
1188
4702
4728
398
2035
3455
4393
4474
682
3464
1399
308
1748
3439
656
1701
1444
4008
1157
1513
1006
1774
2583
4099
73
1377
4369
1643
2044
2802
1289
3232
2503
1779
3631
4538
233
3786
4775
1678
3012
1173
1986
523
374
3405
2987
1818
2412
4907
4095
3418
1680
2440
2516
1754
4580
2647
3397
1623
449
448
618
2952
2227
11
3253
3223
4560
3027
4901
2571
4200
2649
3857
4575
1053
1844
2155
3465
1750
2012
2645
3431
214
924
947
4795
3571
4344
2180
4783
554
2798
2735
2781
3572
1750
1766
3131
4777
1666
1465
3976
77
321
4313
1893
2165
2231
1120
4679
5
3765
3109
220
451
4819
14
4023
4162
2194
4568
478
755
3065
3259
4327
4815
24
2458
4591
2453
4686
4330
3293
6
4405
185
2172
2398
1305
2613
2404
832
1484
2624
1284
1302
3401
1069
1226
594
636
1704
2112
3702
725
1439
3516
749
4660
3870
3965
4345
3199
2257
4351
3366
2442
2285
764
4510
4898
3931
341
1381
1554
1625
3446
717
3457
4672
1311
4094
1375
3424
3558
2100
625
2836
3612
284
1705
3339
391
666
595
504
4033
3800
2790
559
4072
3450
4490
4414
594
1806
1801
4040
2523
258
4475
4597
114
849
3783
4435
3713
4408
2270
2324
454
4739
1426
845
404
2021
1350
199
1584
4903
758
655
4115
1010
831
471
2816
3396
4512
338
4417
3986
4936
293
597
4481
4728
4310
3889
1997
2397
4343
1735
3823
951
2903
1606
3064
3102
3953
3729
4624
4609
2843
633
1202
3315
3450
360
3589
4551
4777
3337
248
69
3934
4730
559
4007
3618
2557
2166
3723
54
1751
436
2957
3357
3500
1822
3073
2991
1445
2681
834
2078
4646
4912
1290
6
3500
841
545
2599
1089
615
2295
818
1174
2064
198
4494
4230
4685
311
980
120
3268
100
4384
852
3173
2374
2297
1616
3971
138
2024
4645
1428
2793
3144
3032
3339
1505
4885
4717
3801
1465
890
864
1664
1147
857
2111
1458
2600
2231
488
2700
2377
1341
1635
514
4401
4014
247
4539
1038
4893
1730
3831
3799
4762
2932
304
4646
2648
4868
1111
4302
731
3538
448
2351
648
2669
4952
3642
3157
3414
1782
260
812
3059
4662
4826
3306
4963
1626
3961
1692
1220
2760
2217
