3389
3083
1721
2744
3700
2640
1451
475
2140
2306
4413
2243
2881
2218
4910
341
3380
4673
2608
3349
4116
1611
2180
142
2807
2583
4780
2823
2506
1013
325
894
4097
2047
4402
3559
449
852
4034
2589
3158
3446
594
1801
1426
1267
2906
568
939
513
3917
817
2888
1096
959
694
4443
1502
4280
1948
2515
4606
2843
2374
2415
3007
932
2864
4622
729
453
2780
4938
1810
343
1364
3077
3249
1932
4779
4526
1612
1359
3176
3471
2318
3870
2913
4583
3150
624
2861
3518
4230
234
932
2236
1930
3796
1857
2659
11
399
3359
1822
743
4723
661
4755
2418
1203
42
4030
2562
3218
2500
642
2851
1176
225
1000
1800
3086
280
1029
4083
1212
4028
1012
7
884
4434
782
1284
2793
3367
2790
3278
4028
3307
695
230
3350
487
3555
2330
3751
4198
180
4927
185
1943
2489
4034
2223
4281
3116
3435
3308
4129
4206
4955
3562
4988
1238
2117
3354
4791
395
3144
3098
1090
4138
2210
2341
3455
4540
1091
2652
4721
1780
3600
1663
4269
2633
3887
4312
749
3084
2619
640
3052
2573
4965
3039
4575
2082
2155
127
2477
1062
3225
4330
962
1197
2433
4417
737
3524
2832
457
303
1431
2883
334
4828
2532
4646
576
616
3027
1979
3668
1363
1943
2470
1700
4788
387
1827
3027
2212
815
3120
3174
2012
552
3354
3512
4077
1185
4732
142
2616
3378
1240
3206
909
1648
4545
2288
438
1523
1719
1801
4230
4189
4264
4017
338
1853
2807
3314
2668
926
2250
443
1478
603
4718
1317
1788
4450
2223
167
2827
3463
3373
4499
110
2918
1787
548
203
3506
3112
4433
3457
3138
4213
3795
4992
2019
2871
2659
3708
121
3865
948
724
3583
3029
3276
3795
251
3443
2384
4477
2578
1882
349
1258
3669
1661
1462
2174
4773
894
1393
2911
869
951
2902
3651
3822
1323
2358
3943
951
3307
430
296
1335
3706
4854
2349
2911
2237
1825
488
4882
2174
1747
3551
4598
3972
1487
4371
4866
2881
3044
1498
4595
1708
148
3416
3794
2507
3122
507
1576
3552
803
3674
2257
656
1022
167
3656
3610
1418
3538
1546
3928
2851
1144
2899
100
1277
3528
3744
83
25
3338
1791
173
2517
1347
3443
638
1855
781
4190
3421
4455
2209
4841
1239
3139
3496
611
319
2796
2158
4248
1409
4065
2146
1510
1104
1436
253
1187
1461
4355
2978
2398
1871
87
1603
2509
1942
2385
2461
1126
1839
432
966
3842
4334
224
4453
4653
3021
2373
4663
4430
2200
2572
1702
3304
4008
1956
4491
469
2073
3231
3630
3944
3319
232
2215
1023
2617
438
2149
219
870
3878
4061
203
4103
4276
618
2123
2412
281
2315
4612
2853
4018
2916
1860
1736
3169
3092
4572
1400
2484
3515
481
2717
1492
2267
1096
1930
179
1315
2800
4057
1138
3766
3159
1177
4384
1044
3589
427
4123
3200
3280
3903
1878
903
638
47
4758
209
2210
2242
4487
3454
721
978
720
1817
3671
899
3133
1470
4957
33
998
3115
1210
1144
4923
4799
2335
4045
3762
614
2947
1402
2280
4348
2212
2801
319
184
42
4806
3638
763
1546
4359
3343
216
257
2238
2449
976
2272
4210
4855
4245
353
4777
4044
2688
4584
3568
4066
3293
732
2108
2640
2945
4909
2959
3129
713
3527
1767
1476
72
1888
582
1051
2908
2820
3500
3885
91
2709
3739
4337
3825
3515
4143
2276
3861
3473
2104
2153
4205
4212
4793
2912
4884
3514
1804
596
2040
4334
2073
2875
1221
2655
4689
4129
1237
3188
3013
1329
1659
2514
1428
1246
1791
1333
3522
651
4806
625
2804
4773
600
3359
2685
483
1872
4489
1079
4675
3822
3915
3312
42
2332
3000
4934
3570
1950
3710
661
4372
1223
2852
618
3015
4185
4903
3666
4753
528
2233
4525
1891
591
2972
3137
3227
2460
4216
3664
2044
3894
2739
2849
1988
1501
2783
557
4215
2255
1981
3586
3478
4833
4967
1492
4780
4870
921
4532
1160
3917
4820
3051
270
2791
1187
4260
1014
1165
3687
3058
58
1425
907
2047
3689
4453
3367
3666
1707
1111
2252
947
943
2981
3203
1486
2850
4887
1017
4010
3803
1599
2823
4073
4391
4010
4096
404
175
2782
4225
996
4970
894
3806
3658
1109
2936
2324
3579
4047
338
4527
752
3319
2729
2238
1932
3378
3256
941
2180
4855
3765
2015
7
3537
1110
1174
4475
4655
399
471
4624
2056
39
4045
3166
3738
1368
1744
2784
2469
1270
3537
1550
4762
1537
3482
3139
4793
4424
1081
410
3951
3860
1180
2487
4970
2355
1962
4625
3517
3196
10
572
3998
4055
4501
2736
1185
1245
519
3654
3278
4819
967
3803
1356
4449
2704
1911
4635
3786
3084
3585
2645
27
1835
3377
2382
4560
3764
1661
2755
4538
2996
2515
3592
2497
250
4778
4505
1533
4194
3545
2114
160
3110
4233
372
814
1907
6
362
4991
4355
3770
17
1189
2909
3162
748
1673
585
4266
1973
3582
2543
564
1841
2794
1104
2108
89
298
1415
2203
1221
4526
1436
1593
339
3343
1600
1464
4096
1717
233
4877
2906
3905
3038
4417
1340
4387
4445
3313
2968
1987
3878
571
543
4982
2679
632
1042
4857
3599
2264
4382
797
4620
483
4140
1982
1947
3998
3699
2943
3874
2367
1848
2675
2546
3188
2061
1990
1501
791
4741
378
2125
283
1122
566
1679
2165
422
277
191
4805
1074
4811
1050
976
1793
2998
4974
491
1703
4611
2859
3551
3048
1167
1739
871
3158
4003
2425
3661
143
4550
4707
1265
878
1385
4193
1300
1662
4384
1867
3499
4958
2918
4475
1750
915
211
3004
2618
584
1625
1932
3632
2793
4434
4503
1713
3436
1927
373
3579
2239
842
606
3117
2228
562
179
4653
4946
2047
3152
665
4965
3389
2415
1642
3600
1182
22
4184
2807
2717
3578
599
2150
3843
3075
1348
1532
4211
4927
3771
53
1296
2650
2281
1858
2830
1933
2566
4877
847
3232
603
5000
1409
3008
4362
2591
3793
3546
398
1510
2886
1760
3660
1729
4836
8
3261
4046
697
2795
4099
2756
444
2142
4614
3274
4839
2943
3913
1448
1174
4516
1447
3346
2523
809
937
2079
117
2098
3589
3003
3858
2248
4732
4456
3019
3756
4265
4480
1550
4126
2235
1994
1268
2612
1031
1106
554
4944
2554
2491
4460
4765
836
2745
573
2536
4824
690
396
4175
3693
4255
2186
4188
4473
204
3706
3737
446
255
2863
2682
3012
4894
1056
4043
1762
1610
4750
78
4864
4972
4843
1462
2716
415
3999
3303
1868
157
3240
1324
4412
425
511
4648
1393
4980
4147
1839
997
2772
283
4009
2665
1339
3815
189
3712
3564
268
3575
3535
110
37
2013
1289
4799
1078
3157
4956
4319
4481
130
506
754
540
1899
733
4687
3739
2493
2459
4022
1502
886
1124
1079
1076
4836
405
1344
4174
4703
2217
4211
1715
4269
4772
3557
2426
489
3638
2669
1382
4144
3424
2685
1043
4920
2372
544
2413
593
328
4678
1479
1452
1519
3318
2051
1924
424
1224
1626
2642
1197
4104
1910
1731
3423
98
2220
2060
2768
4366
1204
1954
2050
3010
1873
184
3554
48
777
3882
4726
3020
1097
1244
2100
3148
3931
2525
134
1319
929
1331
423
2839
3062
3846
3701
1044
906
1468
409
2873
3422
3223
882
1057
4170
198
1106
710
4843
1594
3730
1702
3602
1592
4850
2532
4117
4984
3852
45
2077
37
3648
138
3883
2348
1183
551
4579
2355
4187
3763
1340
